image: /home/gw/5413/ME5413_Final_Project/src/me5413_world/maps/slope.pgm
resolution: 0.050000
origin: [-1.700419, -9.760290, 0.000000]
negate: 0
occupied_thresh: 0.65
free_thresh: 0.196

